[gd_scene load_steps=9 format=3 uid="uid://c0cj57b5s5rxv"]

[ext_resource type="PackedScene" uid="uid://catipc47tyk1v" path="res://levels/rooms/old/DR_testing_gen_door.tscn" id="1_i13jx"]
[ext_resource type="PackedScene" uid="uid://dp12k3nhbg735" path="res://models/props/PR_DoorSign.tscn" id="2_n5klb"]
[ext_resource type="PackedScene" uid="uid://o42mec4yynmq" path="res://models/props/PR_industrial_small_light.tscn" id="3_gnb8q"]
[ext_resource type="PackedScene" uid="uid://bfiygaks5w4bk" path="res://models/props/PR_industial_light_large.tscn" id="4_s34rv"]
[ext_resource type="PackedScene" uid="uid://brvi0bgxs3esb" path="res://models/props/PR_PRFflood_light.tscn" id="5_xf8oe"]
[ext_resource type="PackedScene" uid="uid://cdayxyg7yeydm" path="res://blueprints/scenes/room_light.tscn" id="6_jjut5"]
[ext_resource type="Material" uid="uid://bjvnpi22xsk7q" path="res://materials/M_MasterEmissonLight.tres" id="7_y88cq"]
[ext_resource type="PackedScene" uid="uid://c6eoa875k0hg4" path="res://models/props/PR_locker.tscn" id="8_4bl62"]

[node name="DrProtoAngRCorridor" type="Node3D"]

[node name="protoCorridor" type="CSGCombiner3D" parent="."]
transform = Transform3D(1, 0, 0, 0, 1, 0, 0, 0, 1, 0, 3.5097103, 0)
use_collision = true

[node name="Room" type="CSGBox3D" parent="protoCorridor"]
transform = Transform3D(1, 0, 0, 0, 1, 0, 0, 0, 1, -2.0429688, 0, 0)
size = Vector3(22.085938, 7, 14)

[node name="RoomCut" type="CSGBox3D" parent="protoCorridor"]
transform = Transform3D(1, 0, 0, 0, 1, 0, 0, 0, 1, -1.9999084, 0, 0.102695465)
operation = 2
size = Vector3(21.500183, 6, 11.205391)

[node name="RoomCut3" type="CSGBox3D" parent="protoCorridor"]
transform = Transform3D(0.9659258, 0, 0.25881904, 0, 1, 0, -0.25881904, 0, 0.9659258, -17.38909, 0, 1.6670187)
size = Vector3(14, 7, 12.751465)

[node name="RoomCut2" type="CSGBox3D" parent="protoCorridor"]
transform = Transform3D(0.9659258, 0, 0.25881904, 0, 1, 0, -0.25881904, 0, 0.9659258, -17.12379, 0, 1.8081903)
operation = 2
size = Vector3(13.8897705, 6, 11.5191345)

[node name="DoorCutout" type="CSGBox3D" parent="protoCorridor"]
transform = Transform3D(0.96592593, 0, 0.25881907, 0, 1, 0, -0.25881907, 0, 0.96592593, -24.145344, -1.5495851, 3.2388554)
operation = 2
size = Vector3(1.9472656, 2.8947754, 1.8258057)

[node name="DR_Testing_Gen_Door" parent="protoCorridor/DoorCutout" instance=ExtResource("1_i13jx")]
transform = Transform3D(1, 0, 0, 0, 1, 0, 0, 0, 1, 0.017772675, -1.4442945, 0.03338623)

[node name="PR_DoorSign" parent="protoCorridor/DoorCutout/DR_Testing_Gen_Door" instance=ExtResource("2_n5klb")]
transform = Transform3D(1, 0, 0, 0, 1, 0, 0, 0, 1, 0.36075687, 2.4873028, -1.6491688)

[node name="DoorCutout2" type="CSGBox3D" parent="protoCorridor"]
transform = Transform3D(1, 0, 0, 0, 1, 0, 0, 0, 1, 9.90922, -1.5495851, -0.03338623)
operation = 2
size = Vector3(4.095337, 2.8947754, 1.8258057)

[node name="RoomConnectionPoint" type="RayCast3D" parent="." groups=["connection_points"]]
transform = Transform3D(-4.371139e-08, 1, 0, -1, -4.371139e-08, 0, 0, 0, 1, 8.996864, 0.5134689, -0.03338623)

[node name="RoomSmallLights" type="Node3D" parent="."]
transform = Transform3D(0.5, 0, 0, 0, 0.5, 0, 0, 0, 0.5, 0, 2.6304617, 0)

[node name="IndustrialSmallLight" parent="RoomSmallLights" instance=ExtResource("3_gnb8q")]
transform = Transform3D(-8.742278e-08, 2, 0, -2, -8.742278e-08, 0, 0, 0, 2, 17.59, 2.3611917, 0)

[node name="IndustrialSmallLight2" parent="RoomSmallLights" instance=ExtResource("3_gnb8q")]
transform = Transform3D(-7.5710346e-08, -1.9318519, 0.51763815, 2, -8.444392e-08, -2.262668e-08, 4.3711392e-08, 0.51763815, 1.9318519, -47.350735, 0.9407549, 8.926986)

[node name="RoomLargeLights" type="Node3D" parent="."]
transform = Transform3D(0.5, 0, 0, 0, 0.5, 0, 0, 0, 0.5, -1.8531079, 2.6304617, 0)

[node name="IndustialLightLarge" parent="RoomLargeLights" instance=ExtResource("4_s34rv")]
transform = Transform3D(-4.371139e-08, 0, -1, 0, 1, 0, 1, 0, -4.371139e-08, 0, 5.7035065, -6)

[node name="IndustialLightLarge2" parent="RoomLargeLights" instance=ExtResource("4_s34rv")]
transform = Transform3D(-4.371139e-08, 0, -1, 0, 1, 0, 1, 0, -4.371139e-08, 0, 5.7035065, 6)

[node name="IndustialLightLarge3" parent="RoomLargeLights" instance=ExtResource("4_s34rv")]
transform = Transform3D(0.25881898, 0, -0.96592575, 0, 1, 0, 0.96592575, 0, 0.25881898, -30.344862, 5.7035065, -0.87507653)

[node name="IndustialLightLarge4" parent="RoomLargeLights" instance=ExtResource("4_s34rv")]
transform = Transform3D(0.25881898, 0, -0.96592575, 0, 1, 0, 0.96592575, 0, 0.25881898, -27.447086, 5.7035065, 8.795553)

[node name="RoomFloodLights" type="Node3D" parent="."]
transform = Transform3D(0.5, 0, 0, 0, 0.5, 0, 0, 0, 0.5, 0, 2.6304617, 0)

[node name="PR_FloodLight" parent="RoomFloodLights" instance=ExtResource("5_xf8oe")]
transform = Transform3D(-4.371139e-08, 0, 1, 0, 1, 0, -1, 0, -4.371139e-08, -15.606877, 4.9301605, 11.112356)

[node name="PR_FloodLight2" parent="RoomFloodLights" instance=ExtResource("5_xf8oe")]
transform = Transform3D(-4.371139e-08, 0, 1, 0, 1, 0, -1, 0, -4.371139e-08, 7.782897, 4.9301605, 10.975294)

[node name="PR_FloodLight3" parent="RoomFloodLights" instance=ExtResource("5_xf8oe")]
transform = Transform3D(-4.371139e-08, 0, -1, 0, 1, 0, 1, 0, -4.371139e-08, 7.782897, 4.9301605, -10.50725)

[node name="PR_FloodLight4" parent="RoomFloodLights" instance=ExtResource("5_xf8oe")]
transform = Transform3D(-4.371139e-08, 0, -1, 0, 1, 0, 1, 0, -4.371139e-08, -15.795766, 4.9301605, -10.50725)

[node name="PR_FloodLight5" parent="RoomFloodLights" instance=ExtResource("5_xf8oe")]
transform = Transform3D(0.25881916, 0, -0.96592593, 0, 1, 0, 0.96592593, 0, 0.25881916, -27.639313, 4.9301605, -9.67699)

[node name="PR_FloodLight6" parent="RoomFloodLights" instance=ExtResource("5_xf8oe")]
transform = Transform3D(0.25881916, 0, -0.96592593, 0, 1, 0, 0.96592593, 0, 0.25881916, -46.165016, 4.9301605, -4.578867)

[node name="PR_FloodLight7" parent="RoomFloodLights" instance=ExtResource("5_xf8oe")]
transform = Transform3D(-0.25881907, 0, 0.9659258, 0, 1, 0, -0.9659258, 0, -0.25881907, -40.515965, 4.9301605, 16.416912)

[node name="PR_FloodLight8" parent="RoomFloodLights" instance=ExtResource("5_xf8oe")]
transform = Transform3D(-0.25881907, 0, 0.9659258, 0, 1, 0, -0.9659258, 0, -0.25881907, -21.51654, 4.9301605, 11.7744)

[node name="RoomLight5" parent="." instance=ExtResource("6_jjut5")]
transform = Transform3D(1, 0, 0, 0, 1, 0, 0, 0, 1, -16.650644, 3.8064728, 2.1519403)
omni_range = 21.359243

[node name="RoomLight3" parent="." instance=ExtResource("6_jjut5")]
transform = Transform3D(1, 0, 0, 0, 1, 0, 0, 0, 1, -1.4904368, 3.8064728, 0.047781825)
omni_range = 22.066933

[node name="Waypoints" type="Node3D" parent="."]

[node name="AngWaypoint1" type="Node3D" parent="Waypoints" groups=["enemy_waypoints"]]
transform = Transform3D(1, 0, 0, 0, 1, 0, 0, 0, 1, 9, 0, 0)

[node name="AngWaypoint2" type="Node3D" parent="Waypoints" groups=["enemy_waypoints"]]
transform = Transform3D(1, 0, 0, 0, 1, 0, 0, 0, 1, -12.254489, 0, 0)

[node name="CSGBox3D" type="CSGBox3D" parent="."]
transform = Transform3D(1, 0, 0, 0, 1, 0, 0, 0, 1, 0, 8, 0)
material = ExtResource("7_y88cq")

[node name="Lockers" type="Node3D" parent="."]

[node name="PR_Locker" parent="Lockers" instance=ExtResource("8_4bl62")]
transform = Transform3D(-4.371139e-08, 0, -1, 0, 1, 0, 1, 0, -4.371139e-08, 2.0633764, 0.57705545, -4.9737935)

[node name="PR_Locker2" parent="Lockers" instance=ExtResource("8_4bl62")]
transform = Transform3D(-4.371139e-08, 0, -1, 0, 1, 0, 1, 0, -4.371139e-08, -5.9366236, 0.57705545, -4.9737935)

[node name="PR_Locker4" parent="Lockers" instance=ExtResource("8_4bl62")]
transform = Transform3D(1.3113416e-07, 0, 1, 0, 1, 0, -1, 0, 1.3113416e-07, -5.936624, 0.57705545, 5.2002573)

[node name="PR_Locker5" parent="Lockers" instance=ExtResource("8_4bl62")]
transform = Transform3D(0.25881884, 0, -0.9659258, 0, 1, 0, 0.9659258, 0, 0.25881884, -14.487343, 0.57705545, -4.319158)

[node name="PR_Locker3" parent="Lockers" instance=ExtResource("8_4bl62")]
transform = Transform3D(0.9659258, 0, 0.25881898, 0, 1, 0, -0.25881898, 0, 0.9659258, -22.60787, 0.57705545, 6.5253506)
